35
11
5
8
51
69
23
34
93
99
65
42
13
19
88
25
32
30
78
60
12
19
5
82
13
6
9
87
92
83
73
64
1
73
23
25
75
61
58
73
87
94
69
97
21
23
70
38
77
90
92
40
72
26
43
25
80
55
57
99
31
69
46
72
88
9
43
8
22
77
36
13
37
26
96
18
63
76
60
74
33
87
22
77
55
7
11
37
100
84
2
1
40
27
19
65
52
97
68
22
88
9
13
84
4
74
18
70
10
77
85
45
75
64
12
98
29
74
42
59
9
11
87
89
8
74
8
68
41
11
84
16
16
34
27
33
85
94
53
54
78
17
28
93
12
87
38
84
34
48
10
65
40
36
96
61
82
86
77
19
27
72
10
64
83
39
57
51
87
1
26
17
90
59
92
44
30
59
60
48
11
56
9
18
90
70
10
71
92
15
80
82
28
86
85
80
12
33
24
63
81
82
63
59
3
82
83
6
80
68
14
83
18
36
59
83
16
77
31
59
17
81
63
72
35
62
63
93
40
35
84
51
98
28
36
94
5
96
13
7
64
65
85
5
73
56
51
24
5
84
84
79
29
9
43
92
64
97
28
41
84
100
15
60
30
65
29
62
84
21
9
25
98
35
19
92
76
95
68
59
27
51
36
73
54
70
43
15
99
57
23
28
9
61
73
13
53
29
90
2
37
86
87
14
1
36
44
76
25
11
24
98
70
44
11
71
9
83
57
61
33
95
92
37
98
74
65
88
52
62
73
49
66
30
54
12
81
48
25
63
74
44
25
56
63
51
32
31
31
70
22
79
23
93
84
4
19
1
95
14
75
31
42
59
42
5
4
88
34
34
91
8
85
16
76
49
25
13
53
42
87
82
84
88
7
97
14
3
96
81
26
48
2
24
8
95
62
53
64
14
98
29
26
85
34
71
2
27
58
75
72
52
79
35
98
68
16
63
11
10
100
21
16
87
12
42
95
22
94
58
100
1
7
65
28
52
13
68
83
69
92
71
1
98
97
13
100
25
14
15
77
73
67
90
39
94
4
72
58
91
95
42
53
68
34
10
10
51
95
92
39
31
15
74
88
12
84
7
45
10
63
83
67
54
13
46
98
76
4
69
20
86
26
63
15
44
16
33
55
34
72
44
29
52
71
5
17
14
79
98
42
50
30
61
13
76
53
73
82
53
65
58
44
19
24
85
78
83
11
48
62
65
51
62
71
16
69
48
70
3
45
29
39
91
77
12
40
26
56
61
16
45
2
14
31
52
60
6
56
56
64
77
7
65
19
49
3
2
20
5
35
87
11
58
39
93
59
60
50
60
57
51
4
19
47
61
24
36
30
94
78
83
1
14
18
34
77
56
51
82
41
49
55
54
45
38
23
37
80
30
73
59
12
51
62
73
71
48
27
14
93
63
89
60
18
71
2
34
24
52
62
52
75
29
36
87
91
26
100
53
45
1
70
58
56
57
27
27
99
63
30
86
84
90
85
53
73
27
63
73
41
56
40
85
6
97
8
76
8
45
38
81
23
60
81
91
40
48
86
67
88
62
43
33
59
5
12
7
46
15
95
13
35
51
3
47
11
71
47
71
26
8
43
66
86
77
18
28
65
48
75
65
57
87
87
7
38
86
24
39
77
66
52
46
52
62
37
98
84
75
49
95
95
40
54
33
30
37
3
77
60
19
22
91
53
67
97
41
17
88
69
14
58
57
88
92
8
46
99
57
12
99
86
6
32
31
39
42
96
4
2
81
27
78
17
70
38
15
1
46
60
50
75
53
23
57
64
27
58
66
31
41
89
77
45
38
21
23
6
64
82
69
66
20
75
90
31
5
75
95
89
79
43
90
68
12
94
82
85
33
72
82
58
14
15
58
100
32
97
4
78
83
34
71
7
57
27
34
34
3
43
58
5
98
77
27
97
17
4
34
30
24
83
38
33
53
20
22
80
19
74
17
15
31
57
13
71
58
82
28
10
98
11
43
93
17
95
52
94
66
87
12
97
81
86
33
97
85
100
38
94
62
7
21
70
15
54
86
68
12
13
32
10
90
88
41
85
64
90
72
94
98
18
69
95
88
24
15
7
89
61
90
24
67
65
28
81
94
60
38
96
39
3
14
25
20
82
49
66
72
72
28
8
38
67
11
87
58
92
77
99
45
27
52
54
55
42
37
16
23
42
52
16
1
92
62
93
84
7
1
38
94
65
73
92
26
43
82
60
97
49
28
7
97
52
31
21
62
18
61
39
80
41
81
49
44
17
41
80
65